# timecode format v2

    11.2
29.400000000000002
46.199999999999996
63.0
79.80000000000001
98.0
117.60000000000001
135.8
152.60000000000002
169.4
186.20000000000002
203.0
222.6
239.4
256.2
273.0
289.8
308.0
326.2
343.0
359.8
376.59999999999997
393.4
410.2
428.4
446.6
463.4
481.6
499.8
519.4
536.2
552.9999999999999
569.8
588.0000000000001
609.0
630.0
651.0
667.8
684.6
701.4
718.1999999999999
735.0
751.8000000000001
768.5999999999999
785.4
802.2
820.4
838.6
855.4
873.5999999999999
891.8000000000001
908.5999999999999
925.4
942.2
959.0
975.8
992.6
1009.3999999999999
1026.1999999999998
1045.7999999999997
1062.6
1080.8
1099.0000000000002
1120.0
1138.1999999999998
1154.9999999999998
1171.8000000000002
1188.6000000000001
1205.4
1223.6
1241.8
1261.4
1281.0000000000002
1299.1999999999998
1318.8
1337.0000000000002
1355.2
1377.6
1395.8
1412.6
1429.3999999999999
1447.6
1465.7999999999997
1482.6000000000001
1502.2
1519.0000000000002
1535.8
1552.6
1569.3999999999999
1589.0
1608.6000000000001
1625.3999999999999
1642.1999999999998
1658.9999999999998
1675.8000000000002
1692.6000000000001
1709.4
1726.2
1744.3999999999999
1764.0
1782.2
1800.4
1818.6
1835.3999999999999
1852.1999999999998
1868.9999999999998
1885.8000000000002
1904.0
1923.6
1941.8000000000002
1958.6000000000001
1975.4
1992.2
2009.0
2025.8000000000002
2042.6000000000001
2059.4
2076.2
2093.0
2109.7999999999997
2126.6
2143.3999999999996
2160.2
2177.0
2193.8
2211.9999999999995
2231.6
2251.2
2269.4
2286.2
2303.0
2319.7999999999997
2336.6
2353.3999999999996
2373.0
2395.4
2412.2
2429.0000000000005
2445.8
2464.0
2482.2
2498.9999999999995
2518.6000000000004
2538.2
2556.4
2577.4
2597.0
2615.2
2634.7999999999997
2653.0
2669.7999999999997
2686.6
2703.4
2720.2000000000003
2738.4
2758.0
2776.2000000000003
2794.4
2812.6
2829.3999999999996
2846.2000000000003
2864.3999999999996
2885.3999999999996
2905.0000000000005
2923.2
2941.3999999999996
2959.6
2977.8
2994.6000000000004
3011.4
3028.2
3045.0
3061.7999999999997
3078.6
3095.3999999999996
3112.2
3130.3999999999996
3148.6
3166.7999999999997
3185.0
3204.6
3224.2
3240.9999999999995
3259.2
3277.4
3294.2
3311.0
3327.7999999999997
3344.6
3361.3999999999996
3378.2
3395.0
3411.7999999999997
3428.6
3445.4
3462.2000000000003
3479.0
3497.2
3516.7999999999997
3535.0
3553.2
3572.8
3591.0
3607.8
3624.6
3641.4
3660.9999999999995
3680.6
3698.7999999999997
3718.4
3736.6000000000004
3753.4
3771.6
3789.8
3806.6
3824.7999999999997
3843.0
3861.2000000000003
3880.7999999999997
3900.4
3918.5999999999995
3936.7999999999997
3955.0
3971.8
3990.0
