# timecode format v2

    14.0
36.75
57.75
78.75000000000001
99.75
122.5
147.00000000000003
169.75
190.75
211.75
232.75
253.75000000000003
278.25
299.25
320.25000000000006
341.25000000000006
362.24999999999994
385.0
407.75
428.74999999999994
449.75
470.75
491.75
512.75
535.5000000000001
558.25
579.25
602.0000000000001
624.75
649.25
670.25
691.25
712.25
735.0000000000001
761.25
787.5
813.75
834.7500000000001
855.75
876.75
897.75
918.75
939.7500000000001
960.75
981.75
1002.75
1025.5
1048.25
1069.25
1092.0
1114.75
1135.75
1156.7500000000002
1177.75
1198.75
1219.75
1240.75
1261.7500000000002
1282.75
1307.25
1328.2500000000002
1351.0
1373.75
1400.0
1422.75
1443.75
1464.75
1485.75
1506.75
1529.5
1552.25
1576.75
1601.25
1624.0
1648.5
1671.2500000000002
1694.0
1722.0
1744.75
1765.7500000000002
1786.75
1809.5
1832.2500000000002
1853.25
1877.75
1898.7500000000002
1919.75
1940.75
1961.75
1986.25
2010.7499999999998
2031.7500000000002
2052.75
2073.75
2094.75
2115.7500000000005
2136.75
2157.75
2180.5
2205.0
2227.75
2250.5
2273.25
2294.25
2315.25
2336.25
2357.25
2380.0
2404.5
2427.25
2448.25
2469.25
2490.25
2511.25
2532.25
2553.2500000000005
2574.25
2595.25
2616.25
2637.25
2658.25
2679.25
2700.25
2721.25
2742.2500000000005
2765.0
2789.5000000000005
2814.0
2836.75
2857.7500000000005
2878.75
2899.75
2920.75
2941.75
2966.25
2994.25
3015.25
3036.25
3057.2500000000005
3080.0
3102.75
3123.7500000000005
3148.25
3172.75
3195.5
3221.75
3246.25
3269.0
3293.5
3316.25
3337.25
3358.25
3379.25
3400.25
3423.0
3447.5000000000005
3470.25
3493.0000000000005
3515.75
3536.75
3557.75
3580.5000000000005
3606.75
3631.25
3654.0
3676.75
3699.5
3722.25
3743.25
3764.25
3785.25
3806.25
3827.2500000000005
3848.25
3869.25
3890.25
3913.0000000000005
3935.75
3958.5
3981.25
4005.75
4030.2500000000005
4051.2500000000005
4074.0
4096.75
4117.75
4138.75
4159.75
4180.75
4201.750000000001
4222.75
4243.75
4264.75
4285.75
4306.75
4327.75
4348.75
4371.499999999999
4396.000000000001
4418.75
4441.5
4465.999999999999
4488.750000000001
4509.75
4530.75
4551.75
4576.25
4600.75
4623.5
4648.0
4670.75
4691.75
4714.5
4737.25
4758.25
4781.000000000001
4803.75
4826.499999999999
4851.000000000001
4875.500000000001
4898.25
4920.999999999999
4943.75
4964.75
4987.500000000001
