# timecode format v2

    11.2
29.400000000000002
46.199999999999996
63.0
79.80000000000001
98.0
117.60000000000001
135.8
152.60000000000002
169.4
186.20000000000002
203.0
222.6
239.4
256.2
273.0
289.8
308.0
326.2
343.0
359.8
376.59999999999997
393.4
410.2
428.4
446.6
463.4
481.6
499.8
519.4
536.2
552.9999999999999
569.8
588.0000000000001
609.0
630.0
651.0
667.8
684.6
701.4
718.1999999999999
735.0
751.8000000000001
768.5999999999999
785.4
802.2
820.4
838.6
855.4
873.5999999999999
891.8000000000001
908.5999999999999
925.4
942.2
959.0
975.8
992.6
1009.3999999999999
1026.1999999999998
1045.7999999999997
1062.6
1080.8
1099.0000000000002
1120.0
1138.1999999999998
1154.9999999999998
1171.8000000000002
1188.6000000000001
1205.4
1223.6
1241.8
1261.4
1281.0000000000002
1299.1999999999998
1318.8
1337.0000000000002
1355.2
1377.6
1395.8
1412.6
1429.3999999999999
1447.6
1465.7999999999997
1482.6000000000001
1502.2
1519.0000000000002
1535.8
1552.6
1569.3999999999999
1589.0
1608.6000000000001
1625.3999999999999
1642.1999999999998
1658.9999999999998
1675.8000000000002
1692.6000000000001
1709.4
1726.2
1744.3999999999999
1764.0
1782.2
1800.4
1818.6
1835.3999999999999
1852.1999999999998
1868.9999999999998
1885.8000000000002
1904.0
1923.6
1941.8000000000002
1958.6000000000001
1975.4
1992.2
2009.0
2025.8000000000002
2042.6000000000001
2059.4
2076.2
2093.0
2109.7999999999997
2126.6
2143.3999999999996
2160.2
2177.0
2193.8
2211.9999999999995
2231.6
2251.2
2269.4
2286.2
2303.0
2319.7999999999997
2336.6
2353.3999999999996
2373.0
2395.4
2412.2
2429.0000000000005
2445.8
2464.0
2482.2
2498.9999999999995
2518.6000000000004
2538.2
2556.4
2577.4
2597.0
2615.2
2634.7999999999997
2653.0
2669.7999999999997
2686.6
2703.4
2720.2000000000003
2738.4
2758.0
2776.2000000000003
2794.4
2812.6
2829.3999999999996
2846.2000000000003
2864.3999999999996
2885.3999999999996
2905.0000000000005
2923.2
2941.3999999999996
2959.6
2977.8
2994.6000000000004
3011.4
3028.2
3045.0
3061.7999999999997
3078.6
3095.3999999999996
3112.2
3130.3999999999996
3148.6
3166.7999999999997
3185.0
3204.6
3224.2
3240.9999999999995
3259.2
3277.4
3294.2
3311.0
3327.7999999999997
3344.6
3361.3999999999996
3378.2
3395.0
3411.7999999999997
3428.6
3445.4
3462.2000000000003
3479.0
3497.2
3516.7999999999997
3535.0
3553.2
3572.8
3591.0
3607.8
3624.6
3641.4
3660.9999999999995
3680.6
3698.7999999999997
3718.4
3736.6000000000004
3753.4
3771.6
3789.8
3806.6
3824.7999999999997
3843.0
3861.2000000000003
3880.7999999999997
3900.4
3918.5999999999995
3936.7999999999997
3955.0
3971.8
3990.0
4008.2000000000003
4025.0000000000005
4041.8
4059.9999999999995
4078.2000000000007
4095.0000000000005
4111.8
4128.6
4145.400000000001
4162.200000000001
4179.0
4197.2
4215.400000000001
4232.200000000001
4250.4
4270.0
4288.2
4305.0
4321.799999999999
4338.599999999999
4355.4
4372.2
4388.999999999999
4407.2
4426.8
4445.0
4461.8
4478.6
4498.200000000001
4515.000000000001
4531.8
4548.6
4565.400000000001
4583.599999999999
4601.8
4618.6
4635.400000000001
4652.200000000001
4669.000000000001
4688.6
4709.6
4730.6
4750.2
4766.999999999999
4783.799999999999
4800.599999999999
4817.4
4834.2
4851.0
4867.8
4884.6
4901.400000000001
4918.200000000001
4935.000000000001
4951.8
4968.6
4986.799999999999
5005.0
5021.800000000001
5038.6
5056.8
5074.999999999999
5091.799999999999
5108.6
5125.4
5142.2
5159.000000000001
5175.8
5194.0
5213.599999999999
5231.8
5248.599999999999
5265.4
5282.2
5298.999999999999
5315.799999999999
5332.599999999999
5350.799999999999
5369.0
5385.799999999999
5402.599999999999
5419.4
5436.2
5452.999999999999
5469.799999999999
5486.599999999999
5503.4
5520.2
5537.0
5553.8
5570.6
5587.400000000001
5604.200000000001
5621.0
5639.2
5657.4
5674.2
5691.0
5707.800000000001
5727.4
5744.199999999999
5762.4
5780.599999999999
5797.4
5815.599999999999
5836.6
5853.400000000001
5870.200000000001
5887.0
5903.8
5920.6
5937.400000000001
5954.2
5971.0
5987.8
6004.6
6022.8
6041.0
6057.8
6074.6
6091.400000000001
6108.2
6127.8
6148.799999999999
6168.400000000001
6189.4
6210.4
6228.6
6245.4
6262.2
6279.0
6297.2
6316.8
6335.0
6353.2
6371.4
6388.2
6404.999999999999
6423.2
6442.8
6461.0
6477.8
6498.8
6516.999999999999
6535.2
6553.4
6571.6
6589.8
6608.0
6626.2
6643.000000000001
6659.8
6680.799999999999
6699.0
6717.2
6741.0
6757.799999999999
6774.599999999999
6791.4
6809.599999999999
6827.8
6844.599999999999
6861.4
6878.2
6895.0
6911.799999999999
6928.599999999999
6948.2
6965.0
6981.8
6998.599999999999
7015.4
7032.2
7048.999999999999
7067.2
7085.4
7103.6
7121.8
7138.6
7155.400000000001
7173.599999999999
7193.2
7211.4
7228.199999999999
7247.8
7264.599999999999
7281.4
7301.0
7317.8
7334.6
7351.4
7368.2
7385.0
7401.799999999999
7418.599999999999
7435.4
7452.2
7468.999999999999
7487.2
7505.4
7522.2
7539.0
7555.799999999999
7572.599999999999
7589.4
7607.599999999999
7627.2
7648.2
7667.799999999999
7684.599999999999
7702.8
7721.0
7737.8
7756.0
7774.200000000001
7791.0
7809.2
7827.4
7846.999999999999
7863.799999999999
7880.599999999999
7897.4
7914.199999999999
7930.999999999999
7947.8
7964.599999999999
7981.4
7998.200000000001
8016.399999999999
8036.0
8054.2
8071.0
8087.799999999999
8107.400000000001
8126.999999999999
8143.799999999999
8161.999999999999
8183.0
8202.6
8223.599999999999
8241.8
8260.0
8278.2
8295.0
8311.8
8328.6
8345.4
8363.6
8381.8
8398.6
8415.4
8432.2
8449.0
8468.6
8485.4
8504.999999999998
8524.6
8541.4
8558.199999999999
8575.0
8593.199999999999
8611.4
8628.199999999999
8646.4
8664.6
8681.4
8699.6
8717.800000000001
8734.6
8751.4
8768.2
8785.0
8803.2
8822.8
8841.000000000002
8857.800000000001
8874.6
8891.400000000001
8908.2
8925.0
8941.800000000001
8958.6
8975.4
8992.2
9009.0
9025.800000000001
9042.6
9059.4
9076.2
9094.4
9112.6
9130.800000000001
9149.0
9165.800000000001
9182.6
9199.400000000001
9216.2
9233.0
9252.6
9269.400000000001
9286.2
9303.0
9319.800000000001
9336.6
9353.400000000001
9373.000000000002
9389.800000000001
9406.6
9423.400000000001
9440.2
9461.2
9479.4
9496.2
9513.0
9532.6
9549.4
9566.2
9584.4
9602.599999999999
9619.4
9636.199999999999
9654.4
9674.0
9692.199999999999
9709.0
9725.8
9742.6
9763.6
9781.800000000001
9798.6
9815.4
9833.6
9851.800000000001
9868.6
9886.8
9906.4
9924.6
9942.8
9962.400000000001
9980.599999999999
9997.4
10015.599999999999
10033.8
10052.0
10070.2
10087.0
10105.2
10124.800000000001
10143.0
10162.599999999999
10179.4
10196.2
10213.000000000002
10229.800000000001
10246.6
10263.400000000001
10280.2
10297.0
10313.800000000001
10330.6
10348.800000000001
10367.0
10385.199999999999
10403.4
10420.199999999999
10438.4
10456.6
10474.8
10493.0
10509.800000000001
10526.6
10543.4
10560.2
10577.0
10593.8
10613.4
10637.2
10655.4
10672.2
10689.0
10707.2
10725.4
10742.2
10759.0
10775.800000000001
10792.6
10809.4
10826.2
10843.0
10859.8
10879.4
10896.2
10913.0
10929.8
10948.0
10969.0
10985.8
11002.6
11019.400000000001
11036.2
11058.6
11078.199999999999
11094.999999999998
11111.8
11128.599999999999
11145.4
11162.2
11181.8
11201.4
11218.199999999999
11235.0
11251.8
11268.599999999999
11285.4
11307.800000000001
11326.0
11344.2
11362.4
11380.599999999999
11398.8
11417.0
11433.8
11450.6
11467.4
11484.199999999999
11501.0
11517.8
11534.6
11551.400000000001
11569.599999999999
11587.8
11604.6
11621.4
11639.6
11657.8
11676.0
11694.2
11712.400000000001
11730.599999999999
11747.4
11764.199999999999
11783.8
11802.0
11820.2
11837.0
11855.2
11873.4
11890.2
11907.0
11925.2
11943.4
11960.2
11977.0
11993.800000000001
12010.6
12027.4
12045.6
12063.800000000001
12080.6
12101.6
12119.8
12136.6
12154.8
12173.0
12191.2
12215.0
12234.6
12251.4
12268.2
12285.0
12301.8
12318.6
12335.4
12353.6
12371.800000000001
12388.6
12405.4
12422.2
12439.0
12455.8
12475.4
12493.6
12513.199999999999
12532.8
12551.0
12567.8
12584.6
12601.4
12618.2
12635.0
12653.2
12671.4
12688.2
12705.0
12721.8
12741.4
12761.0
12777.8
12796.0
12814.199999999999
12832.4
12850.6
12867.4
12884.2
12901.0
12917.8
12934.6
12951.4
12971.0
12987.8
13004.6
13021.4
13038.199999999999
13056.4
13074.6
13091.4
13108.2
13125.0
13141.8
13158.6
13175.4
13192.199999999999
13213.2
13231.400000000001
13248.2
13265.0
13283.2
13302.8
13321.0
13339.2
13357.4
13374.2
13391.0
13407.8
13426.0
13444.2
13461.0
13477.800000000001
13494.6
13511.4
13528.2
13545.0
13563.2
13582.800000000001
13601.0
13617.8
13634.599999999999
13652.8
13673.8
13690.6
13707.4
13724.199999999999
13741.0
13759.2
13778.800000000001
13797.0
13813.800000000001
13830.6
13847.4
13865.6
13883.800000000001
13900.6
13917.400000000001
13934.2
13951.0
13967.800000000001
13984.6
14001.4
14018.2
14035.0
14051.8
14068.6
14085.4
14103.6
14121.800000000001
14138.6
14155.4
14172.2
14189.0
14205.8
14222.6
14239.4
14257.6
14275.800000000001
14292.6
14309.4
14326.2
14343.0
14361.2
14379.4
14396.2
14413.0
14429.8
14446.6
14463.4
14480.2
14497.0
14515.2
14533.4
14551.6
14569.800000000001
14586.6
14606.199999999999
14623.0
14639.800000000001
14658.0
14679.0
14695.800000000001
14712.6
14730.800000000001
14748.999999999998
14765.8
14782.6
14799.4
14816.2
14833.0
14851.2
14870.8
14889.0
14907.199999999999
14925.4
14943.6
14961.800000000001
14980.0
14998.2
15016.4
15034.599999999999
15051.400000000001
15068.2
15085.0
15101.800000000001
15118.6
15135.400000000001
15152.2
15169.0
15185.800000000001
15204.0
15223.599999999999
15243.2
15264.199999999999
15282.4
15302.0
15321.6
15339.800000000001
15358.0
15377.599999999999
15395.8
15412.599999999999
15429.4
15446.2
15463.000000000002
15479.800000000001
15496.6
15513.400000000001
15530.2
15547.0
15563.800000000001
15580.6
15598.800000000001
15617.0
15633.800000000001
15652.0
15671.6
15689.8
15706.6
15723.4
15740.199999999999
15757.0
15773.8
15793.4
15812.999999999998
15829.8
15847.999999999998
15866.199999999999
15885.8
