# timecode format v2

    14.0
36.75
57.75
78.75
99.75000762939453
122.5
147.0
169.75
190.75
211.75
232.75001525878906
253.75
278.25
299.25
320.25
341.25
362.25
385.0000305175781
407.75
428.75
449.75
470.75
491.75
512.75
535.5
558.25
579.2500610351562
602.0
624.75
649.25
670.25
691.25
712.25
735.0
761.25
787.5
813.75
834.75
855.75
876.7500610351562
897.75
918.7500610351562
939.75
960.7500610351562
981.75
1002.7500610351562
1025.5
1048.2501220703125
1069.25
1092.0
1114.75
1135.75
1156.7501220703125
1177.75
1198.75
1219.75
1240.7501220703125
1261.75
1282.75
1307.25
1328.25
1351.0001220703125
1373.7501220703125
1400.0001220703125
1422.75
1443.75
1464.75
1485.7501220703125
1506.75
1529.5
1552.25
1576.75
1601.25
1624.0001220703125
1648.5001220703125
1671.2501220703125
1694.0
1722.0
1744.75
1765.75
1786.7501220703125
1809.5001220703125
1832.25
1853.25
1877.75
1898.7501220703125
1919.7501220703125
1940.75
1961.75
1986.25
2010.75
2031.75
2052.75
2073.75
2094.750244140625
2115.75
2136.75
2157.750244140625
2180.5
2205.000244140625
2227.75
2250.5
2273.25
2294.25
2315.250244140625
2336.25
2357.25
2380.0
2404.5
2427.250244140625
2448.25
2469.25
2490.25
2511.25
2532.250244140625
2553.25
2574.25
2595.250244140625
2616.25
2637.250244140625
2658.25
2679.25
2700.250244140625
2721.25
2742.25
2765.0
2789.5
2814.000244140625
2836.75
2857.750244140625
2878.75
2899.75
2920.750244140625
2941.75
2966.250244140625
2994.25
3015.250244140625
3036.25
3057.25
3080.000244140625
3102.75
3123.750244140625
3148.25
3172.75
3195.500244140625
3221.75
3246.250244140625
3269.0
3293.500244140625
3316.25
3337.25
3358.250244140625
3379.25
3400.250244140625
3423.0
3447.5
3470.250244140625
3493.0
3515.750244140625
3536.75
3557.750244140625
3580.500244140625
3606.75
3631.250244140625
3654.0
3676.750244140625
3699.5
3722.250244140625
3743.250244140625
3764.25
3785.250244140625
3806.25
3827.25
3848.250244140625
3869.25
3890.250244140625
3913.0
3935.75
3958.500244140625
3981.25
4005.750244140625
4030.25
4051.25
4074.000244140625
4096.75048828125
4117.75
4138.75
4159.75
4180.75
4201.75048828125
4222.75
4243.75
4264.75
4285.75
4306.75048828125
4327.75
4348.75
4371.5
4396.0
4418.75048828125
4441.5
4466.0
4488.75
4509.75048828125
4530.75048828125
4551.75
4576.25
4600.75
4623.50048828125
4648.0
4670.75
4691.75
4714.5
4737.25048828125
4758.25
4781.0
4803.75
4826.5
4851.00048828125
4875.5
4898.25
4921.0
4943.75048828125
4964.75048828125
4987.5
