# timecode format v2

    11.2
29.400000000000002
46.199999999999996
63.0
79.80000000000001
98.0
117.60000000000001
135.8
152.60000000000002
169.4
186.20000000000002
203.0
222.6
239.4
256.2
273.0
289.8
308.0
326.2
343.0
359.8
376.59999999999997
393.4
410.2
428.4
446.6
463.4
481.6
499.8
519.4
536.2
552.9999999999999
569.8
588.0000000000001
609.0
630.0
651.0
667.8
684.6
701.4
718.1999999999999
735.0
751.8000000000001
768.5999999999999
785.4
802.2
820.4
838.6
855.4
873.5999999999999
891.8000000000001
908.5999999999999
925.4
942.2
959.0
975.8
992.6
1009.3999999999999
1026.1999999999998
1045.7999999999997
1062.6
1080.8
1099.0000000000002
1120.0
1138.1999999999998
1154.9999999999998
1171.8000000000002
1188.6000000000001
1205.4
1223.6
1241.8
1261.4
1281.0000000000002
1299.1999999999998
1318.8
1337.0000000000002
1355.2
1377.6
1395.8
1412.6
1429.3999999999999
1447.6
1465.7999999999997
1482.6000000000001
1502.2
1519.0000000000002
1535.8
1552.6
1569.3999999999999
1589.0
1608.6000000000001
1625.3999999999999
1642.1999999999998
1658.9999999999998
1675.8000000000002
1692.6000000000001
1709.4
1726.2
1744.3999999999999
1764.0
1782.2
1800.4
1818.6
1835.3999999999999
1852.1999999999998
1868.9999999999998
1885.8000000000002
1904.0
1923.6
1941.8000000000002
1958.6000000000001
1975.4
1992.2
2009.0
2025.8000000000002
2042.6000000000001
2059.4
2076.2
2093.0
2109.7999999999997
2126.6
2143.3999999999996
2160.2
2177.0
2193.8
2211.9999999999995
2231.6
2251.2
2269.4
2286.2
2303.0
2319.7999999999997
2336.6
2353.3999999999996
2373.0
2395.4
2412.2
2429.0000000000005
2445.8
2464.0
2482.2
2498.9999999999995
2518.6000000000004
2538.2
2556.4
2577.4
2597.0
2615.2
2634.7999999999997
2653.0
2669.7999999999997
2686.6
2703.4
2720.2000000000003
2738.4
2758.0
2776.2000000000003
2794.4
2812.6
2829.3999999999996
2846.2000000000003
2864.3999999999996
2885.3999999999996
2905.0000000000005
2923.2
2941.3999999999996
2959.6
2977.8
2994.6000000000004
3011.4
3028.2
3045.0
3061.7999999999997
3078.6
3095.3999999999996
3112.2
3130.3999999999996
3148.6
3166.7999999999997
3185.0
3204.6
3224.2
3240.9999999999995
3259.2
3277.4
3294.2
3311.0
3327.7999999999997
3344.6
3361.3999999999996
3378.2
3395.0
3411.7999999999997
3428.6
3445.4
3462.2000000000003
3479.0
3497.2
3516.7999999999997
3535.0
3553.2
3572.8
3591.0
3607.8
3624.6
3641.4
3660.9999999999995
3680.6
3698.7999999999997
3718.4
3736.6000000000004
3753.4
3771.6
3789.8
3806.6
3824.7999999999997
3843.0
3861.2000000000003
3880.7999999999997
3900.4
3918.5999999999995
3936.7999999999997
3955.0
3971.8
3990.0
4008.2000000000003
4025.0000000000005
4041.8
4059.9999999999995
4078.2000000000007
4095.0000000000005
4111.8
4128.6
4145.400000000001
4162.200000000001
4179.0
4197.2
4215.400000000001
4232.200000000001
4250.4
4270.0
4288.2
4305.0
4321.799999999999
4338.599999999999
4355.4
4372.2
4388.999999999999
4407.2
4426.8
4445.0
4461.8
4478.6
4498.200000000001
4515.000000000001
4531.8
4548.6
4565.400000000001
4583.599999999999
4601.8
4618.6
4635.400000000001
4652.200000000001
4669.000000000001
4688.6
4709.6
4730.6
4750.2
4766.999999999999
4783.799999999999
4800.599999999999
4817.4
4834.2
4851.0
4867.8
4884.6
4901.400000000001
4918.200000000001
4935.000000000001
4951.8
4968.6
4986.799999999999
5005.0
5021.800000000001
5038.6
5056.8
5074.999999999999
5091.799999999999
5108.6
5125.4
5142.2
5159.000000000001
5175.8
5194.0
5213.599999999999
5231.8
5248.599999999999
5265.4
5282.2
5298.999999999999
5315.799999999999
5332.599999999999
5350.799999999999
5369.0
5385.799999999999
5402.599999999999
5419.4
5436.2
5452.999999999999
5469.799999999999
5486.599999999999
5503.4
5520.2
5537.0
5553.8
5570.6
5587.400000000001
5604.200000000001
5621.0
5639.2
5657.4
5674.2
5691.0
5707.800000000001
5727.4
5744.199999999999
5762.4
5780.599999999999
5797.4
5815.599999999999
5836.6
5853.400000000001
5870.200000000001
5887.0
5903.8
5920.6
5937.400000000001
5954.2
5971.0
5987.8
6004.6
6022.8
6041.0
6057.8
6074.6
6091.400000000001
6108.2
6127.8
6148.799999999999
6168.400000000001
6189.4
6210.4
6228.6
6245.4
6262.2
6279.0
6297.2
6316.8
6335.0
6353.2
6371.4
6388.2
6404.999999999999
6423.2
6442.8
6461.0
6477.8
6498.8
6516.999999999999
6535.2
6553.4
6571.6
6589.8
6608.0
6626.2
6643.000000000001
6659.8
6680.799999999999
6699.0
6717.2
6741.0
6757.799999999999
6774.599999999999
6791.4
6809.599999999999
6827.8
6844.599999999999
6861.4
6878.2
6895.0
6911.799999999999
6928.599999999999
6948.2
6965.0
6981.8
6998.599999999999
7015.4
7032.2
7048.999999999999
7067.2
7085.4
7103.6
7121.8
7138.6
7155.400000000001
7173.599999999999
7193.2
7211.4
7228.199999999999
7247.8
7264.599999999999
7281.4
7301.0
7317.8
7334.6
7351.4
7368.2
7385.0
7401.799999999999
7418.599999999999
7435.4
7452.2
7468.999999999999
7487.2
7505.4
7522.2
7539.0
7555.799999999999
7572.599999999999
7589.4
7607.599999999999
7627.2
7648.2
7667.799999999999
7684.599999999999
7702.8
7721.0
7737.8
7756.0
7774.200000000001
7791.0
7809.2
7827.4
7846.999999999999
7863.799999999999
7880.599999999999
7897.4
7914.199999999999
7930.999999999999
7947.8
