# timecode format v2

    11.199999809265137
29.39999771118164
46.20000076293945
63.0
79.79999542236328
98.0
117.59999084472656
135.79998779296875
152.59999084472656
169.39999389648438
186.1999969482422
203.0
222.59999084472656
239.3999786376953
256.1999816894531
273.0
289.79998779296875
308.0
326.1999816894531
343.0
359.79998779296875
376.6000061035156
393.3999938964844
410.20001220703125
428.3999938964844
446.5999755859375
463.39996337890625
481.5999755859375
499.79998779296875
519.4000244140625
536.2000122070312
553.0
569.7999877929688
588.0
608.9999389648438
630.0
650.9999389648438
667.7999267578125
684.5999755859375
701.3999633789062
718.199951171875
734.9999389648438
751.7999877929688
768.5999755859375
785.3999633789062
802.199951171875
820.4000244140625
838.5999755859375
855.3999633789062
873.5999755859375
891.7999877929688
908.5999755859375
925.3999633789062
942.199951171875
959.0
975.7999877929688
992.5999755859375
1009.4000244140625
1026.199951171875
1045.7999267578125
1062.5999755859375
1080.7999267578125
1099.0
1120.0
1138.199951171875
1155.0
1171.800048828125
1188.5999755859375
1205.4000244140625
1223.599853515625
1241.7999267578125
1261.4000244140625
1280.9998779296875
1299.199951171875
1318.7999267578125
1336.9998779296875
1355.199951171875
1377.5999755859375
1395.800048828125
1412.5999755859375
1429.4000244140625
1447.5999755859375
1465.7999267578125
1482.5999755859375
1502.1998291015625
1518.9998779296875
1535.7999267578125
1552.599853515625
1569.39990234375
1589.0
1608.599853515625
1625.39990234375
1642.199951171875
1658.9998779296875
1675.7999267578125
1692.599853515625
1709.39990234375
1726.199951171875
1744.39990234375
1764.0
1782.199951171875
1800.39990234375
1818.5999755859375
1835.4000244140625
1852.199951171875
1869.0
1885.7999267578125
1903.9998779296875
1923.5999755859375
1941.7999267578125
1958.5999755859375
1975.4000244140625
1992.199951171875
2008.9998779296875
2025.800048828125
2042.5999755859375
2059.39990234375
2076.199951171875
2093.0
2109.7998046875
2126.60009765625
2143.39990234375
2160.199951171875
2176.999755859375
2193.800048828125
2212.0
2231.599853515625
2251.199951171875
2269.39990234375
2286.19970703125
2303.0
2319.7998046875
2336.599853515625
2353.39990234375
2373.0
2395.39990234375
2412.199951171875
2429.0
2445.7998046875
2464.0
2482.199951171875
2498.999755859375
2518.60009765625
2538.199951171875
2556.39990234375
2577.39990234375
2597.0
2615.19970703125
2634.800048828125
2653.0
2669.7998046875
2686.599853515625
2703.39990234375
2720.19970703125
2738.39990234375
2758.0
2776.19970703125
2794.39990234375
2812.599853515625
2829.39990234375
2846.199951171875
2864.39990234375
2885.39990234375
2905.0
2923.199951171875
2941.39990234375
2959.599853515625
2977.7998046875
2994.599853515625
3011.39990234375
3028.199951171875
3044.999755859375
3061.800048828125
3078.599853515625
3095.39990234375
3112.19970703125
3130.39990234375
3148.599853515625
3166.7998046875
3185.0
3204.599853515625
3224.19970703125
3241.0
3259.199951171875
3277.399658203125
3294.199951171875
3310.999755859375
3327.7998046875
3344.599853515625
3361.39990234375
3378.19970703125
3395.0
3411.7998046875
3428.599853515625
3445.399658203125
3462.199951171875
3478.999755859375
3497.19970703125
3516.7998046875
3534.999755859375
3553.19970703125
3572.7998046875
3590.999755859375
3607.7998046875
3624.599853515625
3641.39990234375
3660.999755859375
3680.599853515625
3698.7998046875
3718.399658203125
3736.599853515625
3753.39990234375
3771.599853515625
3789.800048828125
3806.599853515625
3824.7998046875
3843.0
3861.199951171875
3880.7998046875
3900.39990234375
3918.599853515625
3936.7998046875
3955.0
3971.7998046875
3989.999755859375
4008.19970703125
4024.99951171875
4041.800048828125
4060.0
4078.199951171875
4094.999755859375
4111.7998046875
4128.599609375
4145.39990234375
4162.2001953125
4179.0
4197.19970703125
4215.39990234375
4232.19970703125
4250.39990234375
4270.0
4288.19970703125
4305.0
4321.7998046875
4338.599609375
4355.3994140625
4372.2001953125
4389.0
4407.19970703125
4426.7998046875
4444.99951171875
4461.7998046875
4478.60009765625
4498.19970703125
4515.0
4531.7998046875
4548.599609375
4565.3994140625
4583.60009765625
4601.7998046875
4618.60009765625
4635.39990234375
4652.19970703125
4668.99951171875
4688.60009765625
4709.60009765625
4730.60009765625
4750.19970703125
4766.99951171875
4783.7998046875
4800.60009765625
4817.39990234375
4834.19970703125
4851.0
4867.7998046875
4884.599609375
4901.3994140625
4918.2001953125
4935.0
4951.7998046875
4968.599609375
4986.7998046875
5004.99951171875
5021.7998046875
5038.60009765625
5056.7998046875
5075.0
5091.7998046875
5108.599609375
5125.3994140625
5142.2001953125
5159.0
5175.7998046875
5194.0
5213.599609375
5231.7998046875
5248.60009765625
5265.39990234375
5282.19970703125
5299.0
5315.7998046875
5332.599609375
5350.7998046875
5369.0
5385.7998046875
5402.599609375
5419.39990234375
5436.19970703125
5452.99951171875
5469.7998046875
5486.60009765625
5503.39990234375
5520.19970703125
5536.99951171875
5553.7998046875
5570.60009765625
5587.39990234375
5604.19970703125
5621.0
5639.19970703125
5657.3994140625
5674.19970703125
5691.0
5707.7998046875
5727.39990234375
5744.19970703125
5762.39990234375
5780.599609375
5797.39990234375
5815.60009765625
5836.599609375
5853.39990234375
5870.19970703125
5886.99951171875
5903.7998046875
5920.60009765625
5937.39990234375
5954.19970703125
5970.99951171875
5987.7998046875
6004.599609375
6022.7998046875
6041.0
6057.7998046875
6074.599609375
6091.39990234375
6108.19970703125
6127.7998046875
6148.7998046875
6168.39990234375
6189.39990234375
6210.3994140625
6228.599609375
6245.39990234375
6262.19970703125
6279.0
6297.19970703125
6316.7998046875
6334.99951171875
6353.2001953125
6371.39990234375
6388.19970703125
6404.99951171875
6423.19970703125
6442.7998046875
6461.0
6477.7998046875
6498.7998046875
6516.99951171875
6535.19970703125
6553.3994140625
6571.60009765625
6589.7998046875
6608.0
6626.19970703125
6642.99951171875
6659.7998046875
6680.7998046875
6699.0
6717.19970703125
6740.99951171875
6757.7998046875
6774.599609375
6791.39990234375
6809.60009765625
6827.7998046875
6844.599609375
6861.3994140625
6878.19970703125
6895.0
6911.7998046875
6928.599609375
6948.19970703125
6964.99951171875
6981.7998046875
6998.599609375
7015.39990234375
7032.19970703125
7049.0
7067.19970703125
7085.3994140625
7103.599609375
7121.7998046875
7138.60009765625
7155.39990234375
7173.599609375
7193.19970703125
7211.3994140625
7228.2001953125
7247.7998046875
7264.599609375
7281.39990234375
7300.99951171875
7317.7998046875
7334.60009765625
7351.39990234375
7368.19970703125
7384.99951171875
7401.7998046875
7418.599609375
7435.3994140625
7452.19970703125
7469.0
7487.19970703125
7505.39990234375
7522.19970703125
7538.99951171875
7555.7998046875
7572.60009765625
7589.39990234375
7607.599609375
7627.19970703125
7648.19970703125
7667.7998046875
7684.60009765625
7702.7998046875
7720.99951171875
7737.7998046875
7755.99951171875
7774.19970703125
7791.0
7809.19970703125
7827.39990234375
7846.99951171875
7863.7998046875
7880.599609375
7897.39990234375
7914.19970703125
7931.0
7947.7998046875
7964.599609375
7981.3994140625
7998.19970703125
8016.3994140625
8035.99951171875
8054.2001953125
8071.0
8087.7998046875
8107.39990234375
8127.0
8143.7998046875
8161.99951171875
8182.99951171875
8202.599609375
8223.599609375
8241.7998046875
8259.9990234375
8278.2001953125
8295.0
8311.7998046875
8328.599609375
8345.3994140625
8363.599609375
8381.7998046875
8398.599609375
8415.3994140625
8432.19921875
8448.9990234375
8468.599609375
8485.3994140625
8505.0
8524.599609375
8541.400390625
8558.2001953125
8575.0
8593.2001953125
8611.3994140625
8628.19921875
8646.3994140625
8664.599609375
8681.3994140625
8699.599609375
8717.7998046875
8734.599609375
8751.400390625
8768.2001953125
8785.0
8803.2001953125
8822.7998046875
8841.0
8857.7998046875
8874.599609375
8891.3994140625
8908.19921875
8924.9990234375
8941.7998046875
8958.599609375
8975.400390625
8992.2001953125
9009.0
9025.7998046875
9042.599609375
9059.3994140625
9076.19921875
9094.3994140625
9112.599609375
9130.798828125
9148.9990234375
9165.7998046875
9182.599609375
9199.400390625
9216.2001953125
9233.0
9252.599609375
9269.3994140625
9286.19921875
9302.9990234375
9319.7998046875
9336.599609375
9353.3994140625
9372.9990234375
9389.7998046875
9406.599609375
9423.400390625
9440.2001953125
9461.2001953125
9479.3994140625
9496.19921875
9513.0
9532.599609375
9549.3994140625
9566.19921875
9584.3994140625
9602.599609375
9619.400390625
9636.2001953125
9654.3994140625
9674.0
9692.19921875
9709.0
9725.7998046875
9742.599609375
9763.599609375
9781.798828125
9798.599609375
9815.400390625
9833.599609375
9851.7998046875
9868.599609375
9886.7998046875
9906.3994140625
9924.599609375
9942.7998046875
9962.3994140625
9980.599609375
9997.3994140625
10015.599609375
10033.798828125
10052.0
10070.2001953125
10087.0
10105.2001953125
10124.7998046875
10143.0
10162.599609375
10179.3994140625
10196.19921875
10212.9990234375
10229.798828125
10246.599609375
10263.400390625
10280.2001953125
10297.0
10313.7998046875
10330.599609375
10348.7998046875
10367.0
10385.19921875
10403.3994140625
10420.19921875
10438.3994140625
10456.599609375
10474.798828125
10493.0
10509.7998046875
10526.599609375
10543.3994140625
10560.2001953125
10577.0
10593.7998046875
10613.3994140625
10637.19921875
10655.3994140625
10672.19921875
10688.9990234375
10707.2001953125
10725.400390625
10742.2001953125
10759.0
10775.7998046875
10792.599609375
10809.3994140625
10826.19921875
10842.9990234375
10859.7998046875
10879.3994140625
10896.19921875
10912.9990234375
10929.7998046875
10948.0
10969.0
10985.7998046875
11002.599609375
11019.3994140625
11036.19921875
11058.599609375
11078.19921875
11094.9990234375
11111.798828125
11128.599609375
11145.400390625
11162.2001953125
11181.7998046875
11201.3994140625
11218.2001953125
11235.0
11251.7998046875
11268.599609375
11285.3994140625
11307.7998046875
11325.9990234375
11344.19921875
11362.400390625
11380.599609375
11398.7998046875
11417.0
11433.7998046875
11450.599609375
11467.3994140625
11484.19921875
11500.9990234375
11517.7998046875
11534.599609375
11551.3994140625
11569.599609375
11587.7998046875
11604.599609375
11621.3994140625
11639.599609375
11657.7998046875
11676.0
11694.19921875
11712.3994140625
11730.599609375
11747.3994140625
11764.19921875
11783.798828125
11802.0
11820.2001953125
11837.0
11855.2001953125
11873.3994140625
11890.19921875
11907.0
11925.19921875
11943.3994140625
11960.19921875
11976.9990234375
11993.798828125
12010.599609375
12027.400390625
12045.599609375
12063.7998046875
12080.599609375
12101.599609375
12119.7998046875
12136.599609375
12154.7998046875
12172.9990234375
12191.19921875
12214.9990234375
12234.5986328125
12251.400390625
12268.2001953125
12285.0
12301.7998046875
12318.599609375
12335.3994140625
12353.599609375
12371.7998046875
12388.599609375
12405.3994140625
12422.19921875
12438.9990234375
12455.798828125
12475.400390625
12493.599609375
12513.2001953125
12532.7998046875
12551.0
12567.7998046875
12584.599609375
12601.3994140625
12618.19921875
12634.9990234375
12653.19921875
12671.3994140625
12688.2001953125
12705.0
12721.7998046875
12741.3994140625
12761.0
12777.7998046875
12796.0
12814.19921875
12832.3994140625
12850.599609375
12867.3994140625
12884.19921875
12900.9990234375
12917.7998046875
12934.599609375
12951.3994140625
12971.0
12987.7998046875
13004.599609375
13021.3994140625
13038.19921875
13056.3994140625
13074.599609375
13091.3994140625
13108.19921875
13125.0
13141.7998046875
13158.599609375
13175.3994140625
13192.19921875
13213.19921875
13231.3994140625
13248.19921875
13264.9990234375
13283.19921875
13302.798828125
13320.9990234375
13339.19921875
13357.400390625
13374.2001953125
13391.0
13407.7998046875
13426.0
13444.19921875
13460.9990234375
13477.7998046875
13494.599609375
13511.3994140625
13528.19921875
13544.9990234375
13563.19921875
13582.7998046875
13601.0
13617.7998046875
13634.599609375
13652.7998046875
13673.7998046875
13690.599609375
13707.3994140625
13724.19921875
13740.9990234375
13759.19921875
13778.798828125
13797.0
13813.7998046875
13830.599609375
13847.3994140625
13865.599609375
13883.7998046875
13900.599609375
13917.3994140625
13934.19921875
13950.9990234375
13967.798828125
13984.5986328125
14001.3994140625
14018.2001953125
14035.0
14051.7998046875
14068.599609375
14085.3994140625
14103.599609375
14121.7998046875
14138.599609375
14155.3994140625
14172.19921875
14188.9990234375
14205.798828125
14222.5986328125
14239.400390625
14257.599609375
14275.7998046875
14292.599609375
14309.3994140625
14326.19921875
14342.9990234375
14361.19921875
14379.3994140625
14396.19921875
14412.9990234375
14429.798828125
14446.599609375
14463.3994140625
14480.2001953125
14497.0
14515.19921875
14533.3994140625
14551.599609375
14569.7998046875
14586.599609375
14606.19921875
14622.9990234375
14639.798828125
14657.9990234375
14679.0
14695.7998046875
14712.599609375
14730.7998046875
14749.0
14765.7998046875
14782.599609375
14799.3994140625
14816.19921875
14832.9990234375
14851.19921875
14870.798828125
14889.0
14907.2001953125
14925.3994140625
14943.599609375
14961.7998046875
14980.0
14998.19921875
15016.3994140625
15034.599609375
15051.3994140625
15068.19921875
15084.9990234375
15101.798828125
15118.599609375
15135.3994140625
15152.2001953125
15169.0
15185.7998046875
15204.0
15223.599609375
15243.19921875
15264.19921875
15282.3994140625
15301.9990234375
15321.5986328125
15339.7998046875
15358.0
15377.599609375
15395.7998046875
15412.599609375
15429.3994140625
15446.19921875
15462.9990234375
15479.798828125
15496.599609375
15513.3994140625
15530.19921875
15546.9990234375
15563.7998046875
15580.599609375
15598.7998046875
15617.0
15633.7998046875
15651.9990234375
15671.599609375
15689.798828125
15706.599609375
15723.3994140625
15740.19921875
15756.9990234375
15773.7998046875
15793.3994140625
15813.0
15829.7998046875
15848.0
15866.19921875
15885.7998046875
