# timecode format v2

    11.899999999999999
32.3
52.699999999999996
73.1
93.5
113.9
134.29999999999998
154.70000000000002
175.09999999999997
195.5
215.89999999999998
236.29999999999998
256.7
277.1
297.5
317.9
338.3
358.7
379.09999999999997
399.49999999999994
419.9
440.29999999999995
460.7
481.09999999999997
501.50000000000006
521.9
543.9999999999999
566.1
588.1999999999999
610.3000000000001
630.7
651.1
671.5
691.9
712.3
732.6999999999999
753.0999999999999
775.1999999999999
797.3
817.6999999999998
839.8
861.8999999999999
887.4
912.9000000000001
933.3000000000001
955.3999999999999
977.5
997.9
1020.0
1042.1000000000001
1064.2
1086.3
1108.4
1130.5
1150.9
1173.0
1195.1000000000001
1217.1999999999998
1239.3000000000002
1259.7
1280.1
1302.2
1325.9999999999998
1348.1000000000001
1370.1999999999998
1392.3
1412.7
1434.8
1456.8999999999999
1477.3
1497.7
1518.1
1538.5
1560.6
1582.7
1603.1
1623.5
1643.8999999999999
1664.3
1689.8
1713.6
1735.7
1757.7999999999997
1783.3
1808.8
1830.8999999999996
1851.3
1873.3999999999999
1895.4999999999998
1915.8999999999999
1936.3
1956.6999999999998
1978.8
2000.8999999999996
2021.3000000000002
2043.4
2065.5
2085.8999999999996
2106.3
2126.7
2147.1
2167.4999999999995
2187.9
2208.2999999999993
2232.1
2252.4999999999995
2272.9
2293.2999999999997
2313.7
2334.1
2356.2000000000003
2378.2999999999997
2400.4
2422.5
2446.2999999999997
2466.7
2487.1
2507.5
2527.8999999999996
2548.3
2568.7
2589.1000000000004
2609.4999999999995
2629.9
2653.7
2680.8999999999996
2703.0
2726.7999999999997
2748.9
2769.2999999999997
2789.7
2810.1
2830.5
2850.9
2871.2999999999997
2893.3999999999996
2918.8999999999996
2942.7
2964.7999999999993
2986.8999999999996
3015.7999999999997
3037.8999999999996
3063.3999999999996
3085.4999999999995
3105.9
3128.0
3151.7999999999997
3179.0
3202.7999999999997
3224.9
3245.2999999999997
3265.7
3286.1
3306.5
3326.9
3347.2999999999997
3367.7000000000003
3388.0999999999995
3408.5
3428.8999999999996
3450.9999999999995
3473.0999999999995
3493.5
3513.8999999999996
3534.3
3554.6999999999994
3575.1
3595.4999999999995
3617.5999999999995
3639.6999999999994
3661.7999999999993
3683.8999999999996
3704.2999999999997
3724.6999999999994
3745.1
3765.4999999999995
3785.8999999999996
3806.2999999999997
3826.7
3847.1
3867.4999999999995
3887.9
3908.2999999999997
3928.7000000000003
3950.8
3974.6
3996.7
4017.0999999999995
4037.4999999999995
4057.9
4078.3000000000006
4098.699999999999
4122.5
4142.899999999999
4163.299999999999
4183.7
4204.1
4224.5
4246.6
4268.699999999999
4289.099999999999
4309.5
4329.900000000001
4350.3
4370.699999999999
4392.799999999999
4414.9
4435.3
4457.4
4479.5
4499.900000000001
4520.3
4540.699999999999
4561.099999999999
4581.5
4601.9
4622.299999999999
4644.4
4666.499999999999
4686.9
4707.3
4727.7
4748.099999999999
4768.499999999999
4788.9
