# timecode format v2

    11.90000057220459
32.29999923706055
52.70000076293945
73.0999984741211
93.5
113.9000015258789
134.3000030517578
154.6999969482422
175.10000610351562
195.5
215.90000915527344
236.3000030517578
256.70001220703125
277.1000061035156
297.5
317.8999938964844
338.29998779296875
358.70001220703125
379.1000061035156
399.5
419.8999938964844
440.3000183105469
460.70001220703125
481.1000061035156
501.5
521.9000244140625
544.0
566.0999755859375
588.2000122070312
610.2999877929688
630.7000122070312
651.0999755859375
671.5
691.9000244140625
712.2999877929688
732.7000122070312
753.1000366210938
775.2000122070312
797.2999877929688
817.7000122070312
839.7999877929688
861.9000244140625
887.4000244140625
912.9000244140625
933.300048828125
955.3999633789062
977.5
997.9000244140625
1020.0
1042.10009765625
1064.2000732421875
1086.300048828125
1108.4000244140625
1130.5
1150.9000244140625
1173.0
1195.10009765625
1217.2000732421875
1239.300048828125
1259.7000732421875
1280.0999755859375
1302.199951171875
1326.0
1348.10009765625
1370.2000732421875
1392.300048828125
1412.7000732421875
1434.800048828125
1456.9000244140625
1477.300048828125
1497.699951171875
1518.0999755859375
1538.5001220703125
1560.60009765625
1582.7000732421875
1603.10009765625
1623.5
1643.9000244140625
1664.2999267578125
1689.800048828125
1713.60009765625
1735.699951171875
1757.7999267578125
1783.300048828125
1808.7999267578125
1830.9000244140625
1851.300048828125
1873.4000244140625
1895.5001220703125
1915.9000244140625
1936.300048828125
1956.699951171875
1978.800048828125
2000.9000244140625
2021.300048828125
2043.4000244140625
2065.5
2085.900146484375
2106.300048828125
2126.699951171875
2147.099853515625
2167.5
2187.900146484375
2208.300048828125
2232.10009765625
2252.5
2272.900146484375
2293.2998046875
2313.699951171875
2334.10009765625
2356.199951171875
2378.300048828125
2400.39990234375
2422.500244140625
2446.300048828125
2466.7001953125
2487.10009765625
2507.5
2527.89990234375
2548.300048828125
2568.7001953125
2589.10009765625
2609.5
2629.89990234375
2653.7001953125
2680.900146484375
2703.0
2726.800048828125
2748.89990234375
2769.300048828125
2789.699951171875
2810.10009765625
2830.500244140625
2850.89990234375
2871.300048828125
2893.39990234375
2918.89990234375
2942.7001953125
2964.800048828125
2986.900146484375
3015.800048828125
3037.89990234375
3063.400146484375
3085.5
3105.900146484375
3128.0
3151.800048828125
3179.000244140625
3202.800048828125
3224.89990234375
3245.300048828125
3265.7001953125
3286.10009765625
3306.5
3326.89990234375
3347.300048828125
3367.7001953125
3388.10009765625
3408.5
3428.89990234375
3451.0
3473.099853515625
3493.5
3513.900146484375
3534.300048828125
3554.7001953125
3575.099853515625
3595.5
3617.599853515625
3639.699951171875
3661.800048828125
3683.900146484375
3704.300048828125
3724.699951171875
3745.10009765625
3765.5
3785.900146484375
3806.300048828125
3826.699951171875
3847.10009765625
3867.5
3887.900146484375
3908.300048828125
3928.699951171875
3950.800048828125
3974.60009765625
3996.699951171875
4017.099853515625
4037.5
4057.89990234375
4078.300048828125
4098.7001953125
4122.5
4142.89990234375
4163.2998046875
4183.7001953125
4204.10009765625
4224.5
4246.60009765625
4268.7001953125
4289.10009765625
4309.5
4329.900390625
4350.2998046875
4370.69970703125
4392.7998046875
4414.89990234375
4435.2998046875
4457.39990234375
4479.50048828125
4499.89990234375
4520.2998046875
4540.7001953125
4561.10009765625
4581.5
4601.89990234375
4622.30029296875
4644.39990234375
4666.5
4686.89990234375
4707.30029296875
4727.7001953125
4748.10009765625
4768.5
4788.89990234375
