# timecode format v2

    11.199999809265137
29.39999771118164
46.20000076293945
63.0
79.79999542236328
98.0
117.59999084472656
135.79998779296875
152.59999084472656
169.39999389648438
186.1999969482422
203.0
222.59999084472656
239.3999786376953
256.1999816894531
273.0
289.79998779296875
308.0
326.1999816894531
343.0
359.79998779296875
376.6000061035156
393.3999938964844
410.20001220703125
428.3999938964844
446.5999755859375
463.39996337890625
481.5999755859375
499.79998779296875
519.4000244140625
536.2000122070312
553.0
569.7999877929688
588.0
608.9999389648438
630.0
650.9999389648438
667.7999267578125
684.5999755859375
701.3999633789062
718.199951171875
734.9999389648438
751.7999877929688
768.5999755859375
785.3999633789062
802.199951171875
820.4000244140625
838.5999755859375
855.3999633789062
873.5999755859375
891.7999877929688
908.5999755859375
925.3999633789062
942.199951171875
959.0
975.7999877929688
992.5999755859375
1009.4000244140625
1026.199951171875
1045.7999267578125
1062.5999755859375
1080.7999267578125
1099.0
1120.0
1138.199951171875
1155.0
1171.800048828125
1188.5999755859375
1205.4000244140625
1223.599853515625
1241.7999267578125
1261.4000244140625
1280.9998779296875
1299.199951171875
1318.7999267578125
1336.9998779296875
1355.199951171875
1377.5999755859375
1395.800048828125
1412.5999755859375
1429.4000244140625
1447.5999755859375
1465.7999267578125
1482.5999755859375
1502.1998291015625
1518.9998779296875
1535.7999267578125
1552.599853515625
1569.39990234375
1589.0
1608.599853515625
1625.39990234375
1642.199951171875
1658.9998779296875
1675.7999267578125
1692.599853515625
1709.39990234375
1726.199951171875
1744.39990234375
1764.0
1782.199951171875
1800.39990234375
1818.5999755859375
1835.4000244140625
1852.199951171875
1869.0
1885.7999267578125
1903.9998779296875
1923.5999755859375
1941.7999267578125
1958.5999755859375
1975.4000244140625
1992.199951171875
2008.9998779296875
2025.800048828125
2042.5999755859375
2059.39990234375
2076.199951171875
2093.0
2109.7998046875
2126.60009765625
2143.39990234375
2160.199951171875
2176.999755859375
2193.800048828125
2212.0
2231.599853515625
2251.199951171875
2269.39990234375
2286.19970703125
2303.0
2319.7998046875
2336.599853515625
2353.39990234375
2373.0
2395.39990234375
2412.199951171875
2429.0
2445.7998046875
2464.0
2482.199951171875
2498.999755859375
2518.60009765625
2538.199951171875
2556.39990234375
2577.39990234375
2597.0
2615.19970703125
2634.800048828125
2653.0
2669.7998046875
2686.599853515625
2703.39990234375
2720.19970703125
2738.39990234375
2758.0
2776.19970703125
2794.39990234375
2812.599853515625
2829.39990234375
2846.199951171875
2864.39990234375
2885.39990234375
2905.0
2923.199951171875
2941.39990234375
2959.599853515625
2977.7998046875
2994.599853515625
3011.39990234375
3028.199951171875
3044.999755859375
3061.800048828125
3078.599853515625
3095.39990234375
3112.19970703125
3130.39990234375
3148.599853515625
3166.7998046875
3185.0
3204.599853515625
3224.19970703125
3241.0
3259.199951171875
3277.399658203125
3294.199951171875
3310.999755859375
3327.7998046875
3344.599853515625
3361.39990234375
3378.19970703125
3395.0
3411.7998046875
3428.599853515625
3445.399658203125
3462.199951171875
3478.999755859375
3497.19970703125
3516.7998046875
3534.999755859375
3553.19970703125
3572.7998046875
3590.999755859375
3607.7998046875
3624.599853515625
3641.39990234375
3660.999755859375
3680.599853515625
3698.7998046875
3718.399658203125
3736.599853515625
3753.39990234375
3771.599853515625
3789.800048828125
3806.599853515625
3824.7998046875
3843.0
3861.199951171875
3880.7998046875
3900.39990234375
3918.599853515625
3936.7998046875
3955.0
3971.7998046875
3989.999755859375
4008.19970703125
4024.99951171875
4041.800048828125
4060.0
4078.199951171875
4094.999755859375
4111.7998046875
4128.599609375
4145.39990234375
4162.2001953125
4179.0
4197.19970703125
4215.39990234375
4232.19970703125
4250.39990234375
4270.0
4288.19970703125
4305.0
4321.7998046875
4338.599609375
4355.3994140625
4372.2001953125
4389.0
4407.19970703125
4426.7998046875
4444.99951171875
4461.7998046875
4478.60009765625
4498.19970703125
4515.0
4531.7998046875
4548.599609375
4565.3994140625
4583.60009765625
4601.7998046875
4618.60009765625
4635.39990234375
4652.19970703125
4668.99951171875
4688.60009765625
4709.60009765625
4730.60009765625
4750.19970703125
4766.99951171875
4783.7998046875
4800.60009765625
4817.39990234375
4834.19970703125
4851.0
4867.7998046875
4884.599609375
4901.3994140625
4918.2001953125
4935.0
4951.7998046875
4968.599609375
4986.7998046875
5004.99951171875
5021.7998046875
5038.60009765625
5056.7998046875
5075.0
5091.7998046875
5108.599609375
5125.3994140625
5142.2001953125
5159.0
5175.7998046875
5194.0
5213.599609375
5231.7998046875
5248.60009765625
5265.39990234375
5282.19970703125
5299.0
5315.7998046875
5332.599609375
5350.7998046875
5369.0
5385.7998046875
5402.599609375
5419.39990234375
5436.19970703125
5452.99951171875
5469.7998046875
5486.60009765625
5503.39990234375
5520.19970703125
5536.99951171875
5553.7998046875
5570.60009765625
5587.39990234375
5604.19970703125
5621.0
5639.19970703125
5657.3994140625
5674.19970703125
5691.0
5707.7998046875
5727.39990234375
5744.19970703125
5762.39990234375
5780.599609375
5797.39990234375
5815.60009765625
5836.599609375
5853.39990234375
5870.19970703125
5886.99951171875
5903.7998046875
5920.60009765625
5937.39990234375
5954.19970703125
5970.99951171875
5987.7998046875
6004.599609375
6022.7998046875
6041.0
6057.7998046875
6074.599609375
6091.39990234375
6108.19970703125
6127.7998046875
6148.7998046875
6168.39990234375
6189.39990234375
6210.3994140625
6228.599609375
6245.39990234375
6262.19970703125
6279.0
6297.19970703125
6316.7998046875
6334.99951171875
6353.2001953125
6371.39990234375
6388.19970703125
6404.99951171875
6423.19970703125
6442.7998046875
6461.0
6477.7998046875
6498.7998046875
6516.99951171875
6535.19970703125
6553.3994140625
6571.60009765625
6589.7998046875
6608.0
6626.19970703125
6642.99951171875
6659.7998046875
6680.7998046875
6699.0
6717.19970703125
6740.99951171875
6757.7998046875
6774.599609375
6791.39990234375
6809.60009765625
6827.7998046875
6844.599609375
6861.3994140625
6878.19970703125
6895.0
6911.7998046875
6928.599609375
6948.19970703125
6964.99951171875
6981.7998046875
6998.599609375
7015.39990234375
7032.19970703125
7049.0
7067.19970703125
7085.3994140625
7103.599609375
7121.7998046875
7138.60009765625
7155.39990234375
7173.599609375
7193.19970703125
7211.3994140625
7228.2001953125
7247.7998046875
7264.599609375
7281.39990234375
7300.99951171875
7317.7998046875
7334.60009765625
7351.39990234375
7368.19970703125
7384.99951171875
7401.7998046875
7418.599609375
7435.3994140625
7452.19970703125
7469.0
7487.19970703125
7505.39990234375
7522.19970703125
7538.99951171875
7555.7998046875
7572.60009765625
7589.39990234375
7607.599609375
7627.19970703125
7648.19970703125
7667.7998046875
7684.60009765625
7702.7998046875
7720.99951171875
7737.7998046875
7755.99951171875
7774.19970703125
7791.0
7809.19970703125
7827.39990234375
7846.99951171875
7863.7998046875
7880.599609375
7897.39990234375
7914.19970703125
7931.0
7947.7998046875
